0.236511 0.653216 0.110252 0.000010 0.000010
0.999960 0.000010 0.000010 0.000010 0.000010
0.901124 0.005013 0.011837 0.000010 0.082016
0.000010 0.000010 0.000010 0.000010 0.999960
0.001734 0.000971 0.000010 0.000010 0.997275
0.000010 0.000010 0.000010 0.000010 0.999960
0.000010 0.906415 0.093555 0.000010 0.000010
0.998780 0.001190 0.000010 0.000010 0.000010
0.000010 0.926935 0.069804 0.000010 0.003241
0.000010 0.000010 0.044806 0.000010 0.955164
0.299521 0.538465 0.161994 0.000010 0.000010
0.998777 0.001193 0.000010 0.000010 0.000010
0.000010 0.000010 0.000052 0.000010 0.999918
0.000010 0.848486 0.151484 0.000010 0.000010
0.999960 0.000010 0.000010 0.000010 0.000010
0.282842 0.679444 0.037694 0.000010 0.000010
0.999776 0.000194 0.000010 0.000010 0.000010
0.001546 0.000010 0.064127 0.000010 0.934308
0.000010 0.000010 0.000010 0.000010 0.999960
0.000010 0.000010 0.021154 0.000010 0.978816
0.269129 0.687848 0.043002 0.000010 0.000010
0.000010 0.915007 0.084963 0.000010 0.000010
0.000010 0.000010 0.000010 0.000010 0.999960
0.057882 0.749403 0.192695 0.000010 0.000010
0.000010 0.887858 0.112112 0.000010 0.000010
0.999960 0.000010 0.000010 0.000010 0.000010
0.000010 0.000010 0.103248 0.000010 0.896722
0.000010 0.000010 0.000010 0.000010 0.999960
0.000010 0.920083 0.079887 0.000010 0.000010
0.000010 0.000212 0.000010 0.000010 0.999758
0.000010 0.818881 0.181089 0.000010 0.000010
0.999960 0.000010 0.000010 0.000010 0.000010
0.999960 0.000010 0.000010 0.000010 0.000010
0.000010 0.000010 0.000010 0.000010 0.999960
0.000010 0.983508 0.016462 0.000010 0.000010
0.000010 0.816903 0.183067 0.000010 0.000010
0.999960 0.000010 0.000010 0.000010 0.000010
0.000010 0.661499 0.141418 0.000462 0.196610
0.076376 0.780947 0.142656 0.000010 0.000010
0.000010 0.000010 0.003736 0.000010 0.996234
0.000010 0.858669 0.141301 0.000010 0.000010
0.999960 0.000010 0.000010 0.000010 0.000010
0.031593 0.857046 0.111341 0.000010 0.000010
0.000010 0.000010 0.000010 0.000010 0.999960
0.994447 0.005523 0.000010 0.000010 0.000010
0.000010 0.000010 0.000010 0.000010 0.999960
0.000010 0.881431 0.118539 0.000010 0.000010
0.000010 0.000010 0.101429 0.000010 0.898541
0.207195 0.000010 0.244641 0.463889 0.084265
0.000010 0.831267 0.164507 0.004205 0.000010
0.000010 0.895862 0.104108 0.000010 0.000010
0.000010 0.821665 0.177946 0.000369 0.000010
0.000010 0.860134 0.139836 0.000010 0.000010
0.000010 0.000010 0.000010 0.000010 0.999960
0.000018 0.851500 0.148462 0.000010 0.000010
0.000010 0.000010 0.999960 0.000010 0.000010
0.000541 0.000010 0.999429 0.000010 0.000010
0.095648 0.000010 0.904322 0.000010 0.000010
0.005232 0.000010 0.994738 0.000010 0.000010
0.000010 0.000010 0.999960 0.000010 0.000010
0.001842 0.000010 0.998128 0.000010 0.000010
0.003783 0.000010 0.996187 0.000010 0.000010
0.000010 0.000010 0.998232 0.000010 0.001738
0.000010 0.003065 0.804902 0.192013 0.000010
0.000010 0.000010 0.999960 0.000010 0.000010
0.003155 0.000010 0.996815 0.000010 0.000010
0.001339 0.000010 0.998631 0.000010 0.000010
0.003306 0.000010 0.996664 0.000010 0.000010
0.002713 0.000010 0.997257 0.000010 0.000010
0.002342 0.000010 0.997628 0.000010 0.000010
0.000010 0.000010 0.998446 0.000010 0.001524
0.074811 0.000010 0.880672 0.000010 0.044497
0.000010 0.001730 0.000273 0.000010 0.997977
0.997032 0.000010 0.000010 0.000010 0.002938
0.999960 0.000010 0.000010 0.000010 0.000010
0.994978 0.000010 0.004992 0.000010 0.000010
0.000010 0.000010 0.000010 0.000010 0.999960
0.000010 0.000010 0.000010 0.000010 0.999960
0.000010 0.887715 0.112255 0.000010 0.000010
0.001716 0.000010 0.000010 0.000010 0.998254
0.000010 0.000010 0.000010 0.000010 0.999960
0.000010 0.574490 0.034866 0.000010 0.390625
0.997170 0.002800 0.000010 0.000010 0.000010
0.000010 0.000010 0.000010 0.000010 0.999960
0.000016 0.994479 0.005484 0.000010 0.000010
0.951051 0.000010 0.027095 0.000010 0.021834
0.000010 0.000010 0.061168 0.000010 0.938802
0.997921 0.000010 0.000010 0.002049 0.000010
0.997163 0.002801 0.000010 0.000016 0.000010
0.999960 0.000010 0.000010 0.000010 0.000010
0.152802 0.803400 0.043777 0.000010 0.000010
0.000010 0.000010 0.000010 0.000010 0.999960
0.000010 0.929961 0.070009 0.000010 0.000010
0.996481 0.003489 0.000010 0.000010 0.000010
0.000010 0.000010 0.000010 0.000010 0.999960
0.000010 0.000010 0.000010 0.000010 0.999960
0.332656 0.609260 0.058064 0.000010 0.000010
0.000010 0.831837 0.168133 0.000010 0.000010
0.994860 0.001368 0.000010 0.000010 0.003752
0.000010 0.000010 0.024507 0.000010 0.975463
0.000010 0.934560 0.063600 0.000010 0.001820
0.000010 0.896501 0.103469 0.000010 0.000010
0.994498 0.000970 0.000010 0.000010 0.004512
0.001822 0.000020 0.998138 0.000010 0.000010
0.000010 0.000010 0.999960 0.000010 0.000010
0.000010 0.000010 0.999855 0.000010 0.000115
0.000010 0.000010 0.999960 0.000010 0.000010
0.000013 0.000010 0.999957 0.000010 0.000010
0.001347 0.000010 0.998619 0.000014 0.000010
0.000010 0.000010 0.999960 0.000010 0.000010
0.000010 0.000010 0.999960 0.000010 0.000010
0.118754 0.000010 0.881216 0.000010 0.000010
0.000446 0.000010 0.999524 0.000010 0.000010
0.207305 0.000010 0.792665 0.000010 0.000010
0.000010 0.000010 0.999960 0.000010 0.000010
0.000010 0.000010 0.999200 0.000770 0.000010
0.000343 0.000010 0.999627 0.000010 0.000010
0.003473 0.000010 0.996497 0.000010 0.000010
0.002325 0.000016 0.997640 0.000010 0.000010
0.000010 0.000010 0.999960 0.000010 0.000010
0.000010 0.000010 0.999960 0.000010 0.000010
0.000010 0.000010 0.999960 0.000010 0.000010
0.000016 0.000010 0.999954 0.000010 0.000010
0.000010 0.076199 0.923771 0.000010 0.000010
0.002864 0.000010 0.997106 0.000010 0.000010
0.000010 0.000010 0.999958 0.000012 0.000010
0.094702 0.000010 0.905268 0.000010 0.000010
0.000010 0.000010 0.820435 0.000010 0.179535
0.000010 0.000010 0.999960 0.000010 0.000010
0.001534 0.000010 0.998356 0.000090 0.000010
0.000010 0.000841 0.999129 0.000010 0.000010
0.000010 0.000010 0.999960 0.000010 0.000010
0.000010 0.000010 0.994479 0.004718 0.000783
0.002127 0.000010 0.997843 0.000010 0.000010
0.000010 0.000010 0.999960 0.000010 0.000010
0.000010 0.000010 0.999960 0.000010 0.000010
0.000010 0.000010 0.999960 0.000010 0.000010
0.000010 0.000010 0.999960 0.000010 0.000010
0.002352 0.000010 0.997618 0.000010 0.000010
0.000421 0.000010 0.999549 0.000010 0.000010
0.000010 0.000010 0.982894 0.000847 0.016239
0.000010 0.000010 0.999257 0.000010 0.000713
0.000010 0.000010 0.999960 0.000010 0.000010
0.000010 0.000010 0.999960 0.000010 0.000010
0.005038 0.000010 0.994932 0.000010 0.000010
0.002387 0.000010 0.997583 0.000010 0.000010
0.000010 0.000010 0.999960 0.000010 0.000010
0.105879 0.000010 0.894091 0.000010 0.000010
0.001916 0.000010 0.998054 0.000010 0.000010
0.000010 0.000010 0.999960 0.000010 0.000010
0.431115 0.000010 0.568855 0.000010 0.000010
0.000010 0.000010 0.999960 0.000010 0.000010
0.000010 0.000010 0.999960 0.000010 0.000010
0.001864 0.000010 0.563749 0.000010 0.434367
0.002001 0.000010 0.997969 0.000010 0.000010
0.000010 0.000010 0.998167 0.000010 0.001803
0.001845 0.000010 0.998125 0.000010 0.000010
0.000010 0.258783 0.741187 0.000010 0.000010
0.002684 0.000010 0.997286 0.000010 0.000010
0.000010 0.000010 0.999960 0.000010 0.000010
0.000010 0.000624 0.981915 0.000010 0.017441
0.000010 0.000010 0.998013 0.000010 0.001957
0.002028 0.000010 0.997942 0.000010 0.000010
0.000010 0.000010 0.999960 0.000010 0.000010
0.000010 0.000010 0.988876 0.000010 0.011094
0.000010 0.000010 0.999960 0.000010 0.000010
0.000010 0.000192 0.999778 0.000010 0.000010
0.000010 0.000010 0.999957 0.000013 0.000010
0.000010 0.000010 0.999960 0.000010 0.000010
0.002379 0.000010 0.997591 0.000010 0.000010
0.000010 0.000010 0.999960 0.000010 0.000010
0.000010 0.000010 0.999954 0.000010 0.000016
0.000010 0.000010 0.999960 0.000010 0.000010
0.000010 0.000010 0.999960 0.000010 0.000010
0.001843 0.000010 0.998127 0.000010 0.000010
0.000010 0.000010 0.999960 0.000010 0.000010
0.002779 0.000010 0.997191 0.000010 0.000010
0.000010 0.000010 0.999960 0.000010 0.000010
0.000010 0.000010 0.999960 0.000010 0.000010
0.000010 0.000010 0.999960 0.000010 0.000010
0.392564 0.000010 0.607406 0.000010 0.000010
0.005049 0.000010 0.994921 0.000010 0.000010
0.003167 0.000010 0.996803 0.000010 0.000010
0.000010 0.000010 0.999960 0.000010 0.000010
0.000010 0.000010 0.997830 0.000010 0.002140
0.995187 0.004783 0.000010 0.000010 0.000010
0.949315 0.000010 0.000010 0.050655 0.000010
0.000010 0.000010 0.000010 0.000010 0.999960
0.000010 0.000016 0.000010 0.001105 0.998859
0.000010 0.999960 0.000010 0.000010 0.000010
0.000010 0.999960 0.000010 0.000010 0.000010
0.979122 0.000010 0.000010 0.020848 0.000010
0.000010 0.000010 0.004397 0.995573 0.000010
0.000014 0.999956 0.000010 0.000010 0.000010
0.000010 0.999960 0.000010 0.000010 0.000010
0.000010 0.179333 0.000010 0.638971 0.181676
0.000010 0.313603 0.000641 0.569939 0.115806
0.001883 0.214198 0.000010 0.515136 0.268773
0.000010 0.999960 0.000010 0.000010 0.000010
0.000010 0.980463 0.000010 0.019507 0.000010
0.000010 0.018263 0.000010 0.000010 0.981707
0.000010 0.999960 0.000010 0.000010 0.000010
0.000010 0.999960 0.000010 0.000010 0.000010
0.000010 0.002027 0.000189 0.997763 0.000010
0.000010 0.000010 0.001776 0.998194 0.000010
0.000010 0.000010 0.000010 0.000010 0.999960
0.000010 0.000010 0.000010 0.999960 0.000010
0.000010 0.000010 0.000010 0.000010 0.999960
0.000010 0.999960 0.000010 0.000010 0.000010
0.999960 0.000010 0.000010 0.000010 0.000010
0.000010 0.999960 0.000010 0.000010 0.000010
0.000010 0.999960 0.000010 0.000010 0.000010
0.977427 0.000010 0.000010 0.022543 0.000010
0.000010 0.000010 0.000372 0.744684 0.254924
0.000855 0.000010 0.009590 0.989535 0.000010
0.000010 0.002223 0.000010 0.000010 0.997747
0.000010 0.000010 0.000010 0.000010 0.999960
0.000010 0.000010 0.011212 0.988758 0.000010
0.000010 0.000010 0.000369 0.999601 0.000010
0.000010 0.000010 0.000297 0.999673 0.000010
0.000010 0.000010 0.000010 0.999960 0.000010
0.000010 0.000010 0.000501 0.999469 0.000010
0.000010 0.000010 0.001203 0.998767 0.000010
0.000010 0.001774 0.000010 0.001513 0.996693
0.791453 0.001034 0.000010 0.207493 0.000010
0.000010 0.997509 0.000010 0.002461 0.000010
0.000010 0.000010 0.000010 0.000010 0.999960
0.000010 0.000010 0.000010 0.002548 0.997422
0.999960 0.000010 0.000010 0.000010 0.000010
0.000010 0.000010 0.000010 0.002527 0.997443
0.000010 0.999960 0.000010 0.000010 0.000010
0.956499 0.000010 0.000010 0.043471 0.000010
0.000010 0.000010 0.000010 0.000010 0.999960
0.000010 0.000010 0.000010 0.000010 0.999960
0.000010 0.999960 0.000010 0.000010 0.000010
0.000010 0.999960 0.000010 0.000010 0.000010
0.000010 0.121352 0.001384 0.877244 0.000010
0.905829 0.000010 0.000010 0.094141 0.000010
0.000010 0.999960 0.000010 0.000010 0.000010
0.000010 0.000010 0.000010 0.000010 0.999960
0.000010 0.245592 0.001341 0.753047 0.000010
0.000010 0.000010 0.000010 0.000010 0.999960
0.999960 0.000010 0.000010 0.000010 0.000010
0.140886 0.000010 0.008338 0.850756 0.000010
0.000014 0.000010 0.000010 0.000254 0.999712
0.000010 0.000010 0.000010 0.000010 0.999960
0.000010 0.000010 0.001917 0.998053 0.000010
0.000010 0.000010 0.000010 0.000010 0.999960
0.999960 0.000010 0.000010 0.000010 0.000010
0.000010 0.000010 0.001746 0.998224 0.000010
0.000010 0.000010 0.000010 0.000010 0.999960
0.000010 0.999960 0.000010 0.000010 0.000010
0.000020 0.999950 0.000010 0.000010 0.000010
0.999960 0.000010 0.000010 0.000010 0.000010
0.000010 0.000010 0.034167 0.965803 0.000010
0.000012 0.000010 0.008684 0.991284 0.000010
0.000010 0.000010 0.000508 0.999462 0.000010
0.000010 0.000010 0.010382 0.989042 0.000556
0.000010 0.999960 0.000010 0.000010 0.000010
0.000010 0.000010 0.000010 0.002708 0.997262
0.000010 0.999960 0.000010 0.000010 0.000010
0.000010 0.999960 0.000010 0.000010 0.000010
0.000010 0.999960 0.000010 0.000010 0.000010
0.000010 0.178934 0.000844 0.820202 0.000010
0.000011 0.999959 0.000010 0.000010 0.000010
0.996146 0.000010 0.000010 0.003824 0.000010
0.000010 0.999960 0.000010 0.000010 0.000010
0.000010 0.999960 0.000010 0.000010 0.000010
0.000010 0.000010 0.001851 0.998119 0.000010
0.000010 0.001312 0.000010 0.000010 0.998658
0.000010 0.999960 0.000010 0.000010 0.000010
0.000010 0.000010 0.015100 0.984870 0.000010
0.000010 0.322139 0.000917 0.676924 0.000010
0.000010 0.999960 0.000010 0.000010 0.000010
0.000010 0.003905 0.000010 0.000010 0.996065
0.000010 0.000010 0.000010 0.000010 0.999960
0.000010 0.000010 0.000010 0.002714 0.997256
0.000010 0.000010 0.001813 0.998157 0.000010
0.187655 0.000010 0.030421 0.781904 0.000010
0.000010 0.999960 0.000010 0.000010 0.000010
0.000010 0.939931 0.060039 0.000010 0.000010
0.000010 0.000010 0.015008 0.000010 0.984962
0.997084 0.002886 0.000010 0.000010 0.000010
0.079487 0.206132 0.171899 0.433372 0.109110
0.000010 0.999960 0.000010 0.000010 0.000010
0.000010 0.000010 0.064706 0.935219 0.000055
0.000010 0.999960 0.000010 0.000010 0.000010
0.950604 0.000010 0.000010 0.049366 0.000010
0.937626 0.000010 0.000010 0.062344 0.000010
0.070518 0.928070 0.000018 0.001384 0.000010
0.848283 0.000010 0.000010 0.151687 0.000010
0.000010 0.000010 0.000010 0.002862 0.997108
0.000010 0.000010 0.002015 0.997955 0.000010
0.000010 0.001564 0.000751 0.997643 0.000032
0.964543 0.000010 0.000010 0.035427 0.000010
0.000010 0.999960 0.000010 0.000010 0.000010
0.000010 0.002067 0.000010 0.997903 0.000010
0.000010 0.878096 0.000010 0.121874 0.000010
0.673759 0.000010 0.000010 0.326211 0.000010
0.000010 0.000010 0.001440 0.998530 0.000010
0.000010 0.000010 0.001243 0.998727 0.000010
0.000010 0.000010 0.000291 0.999679 0.000010
0.000010 0.000010 0.001820 0.998150 0.000010
0.000010 0.525096 0.000010 0.474874 0.000010
0.000010 0.000010 0.000010 0.999960 0.000010
0.000010 0.000010 0.000010 0.473283 0.526687
0.672970 0.000010 0.000010 0.327000 0.000010
0.000010 0.000010 0.000010 0.454066 0.545904
0.000010 0.000010 0.000843 0.999127 0.000010
0.541385 0.000010 0.000010 0.458585 0.000010
0.754231 0.000010 0.000010 0.245739 0.000010
0.646319 0.000034 0.000010 0.353627 0.000010
0.000010 0.968716 0.000010 0.031254 0.000010
0.000010 0.000010 0.000967 0.999003 0.000010
0.549070 0.000029 0.000010 0.450859 0.000032
0.000010 0.000010 0.000010 0.432620 0.567350
0.000010 0.000010 0.000344 0.999626 0.000010
0.000010 0.999960 0.000010 0.000010 0.000010
0.000010 0.000010 0.000653 0.999317 0.000010
0.000010 0.000010 0.000218 0.999752 0.000010
0.000010 0.000010 0.000010 0.231800 0.768170
0.000010 0.000010 0.000010 0.999960 0.000010
0.000010 0.000010 0.000561 0.999409 0.000010
0.000010 0.999960 0.000010 0.000010 0.000010
0.000010 0.000010 0.000320 0.999650 0.000010
0.483723 0.000010 0.000010 0.516247 0.000010
0.546335 0.000010 0.000010 0.453635 0.000010
0.000010 0.000010 0.000010 0.999960 0.000010
0.557222 0.000010 0.000010 0.442748 0.000010
0.000010 0.000010 0.001938 0.998032 0.000010
0.000010 0.000010 0.000010 0.999960 0.000010
0.000010 0.000010 0.000010 0.999960 0.000010
0.570701 0.000010 0.000010 0.429269 0.000010
0.000010 0.000010 0.000829 0.999141 0.000010
0.000010 0.000010 0.001986 0.997984 0.000010
0.000010 0.000010 0.000010 0.999960 0.000010
0.000017 0.000019 0.000010 0.442725 0.557230
0.000010 0.999960 0.000010 0.000010 0.000010
0.000010 0.000010 0.000010 0.395418 0.604552
0.761923 0.000010 0.000010 0.238047 0.000010
0.000010 0.000010 0.001234 0.998736 0.000010
0.000390 0.000010 0.000625 0.998965 0.000010
0.000010 0.999960 0.000010 0.000010 0.000010
0.000010 0.999960 0.000010 0.000010 0.000010
0.000010 0.000010 0.000010 0.416101 0.583869
0.000010 0.000010 0.000010 0.461988 0.537982
0.000010 0.000010 0.000596 0.999374 0.000010
0.000010 0.000010 0.000010 0.999960 0.000010
0.000010 0.630763 0.000010 0.369207 0.000010
0.000010 0.999960 0.000010 0.000010 0.000010
0.000010 0.999960 0.000010 0.000010 0.000010
0.000010 0.000010 0.000010 0.187688 0.812282
0.000010 0.000010 0.000907 0.999063 0.000010
0.660674 0.000010 0.000010 0.339296 0.000010
0.000010 0.787833 0.000010 0.212137 0.000010
0.000010 0.000010 0.001934 0.998036 0.000010
0.000010 0.729586 0.000010 0.270384 0.000010
0.000010 0.000010 0.000010 0.337720 0.662250
0.000010 0.000010 0.000010 0.382792 0.617178
0.000010 0.000017 0.001857 0.998105 0.000010
0.000010 0.000010 0.000010 0.999960 0.000010
0.000010 0.000010 0.001802 0.998168 0.000010
0.000010 0.579432 0.000010 0.420538 0.000010
0.000010 0.000010 0.000010 0.396708 0.603262
0.000010 0.000010 0.001309 0.998661 0.000010
0.002532 0.000010 0.000010 0.997438 0.000010
0.570726 0.000010 0.000010 0.429244 0.000010
0.610446 0.000010 0.000010 0.389524 0.000010
0.000010 0.999960 0.000010 0.000010 0.000010
0.000010 0.000010 0.001029 0.998941 0.000010
0.654886 0.000010 0.000010 0.345084 0.000010
0.000010 0.733598 0.000010 0.266372 0.000010
0.000010 0.000010 0.000010 0.999960 0.000010
0.000010 0.999960 0.000010 0.000010 0.000010
0.000010 0.623643 0.000010 0.376327 0.000010
0.000010 0.000010 0.000105 0.999865 0.000010
0.535396 0.000010 0.000010 0.464574 0.000010
0.627050 0.000010 0.000010 0.372920 0.000010
0.000010 0.772120 0.000010 0.227850 0.000010
0.000010 0.000010 0.000010 0.999960 0.000010
0.000010 0.000010 0.001518 0.998452 0.000010
0.000010 0.999960 0.000010 0.000010 0.000010
0.575272 0.000010 0.000010 0.424698 0.000010
0.769734 0.000010 0.000010 0.230236 0.000010
0.000010 0.000010 0.001920 0.998050 0.000010
0.000010 0.000010 0.000010 0.430550 0.569420
0.000010 0.814172 0.000010 0.185798 0.000010
0.000010 0.000010 0.001886 0.998084 0.000010
0.549711 0.000010 0.000010 0.450259 0.000010
0.717943 0.000010 0.000010 0.282027 0.000010
0.000010 0.000010 0.000155 0.999815 0.000010
0.000010 0.000010 0.001099 0.998871 0.000010
0.000010 0.000010 0.001509 0.998461 0.000010
0.000010 0.000010 0.000010 0.348009 0.651961
0.000010 0.000010 0.000847 0.999123 0.000010
0.000010 0.000010 0.001719 0.998251 0.000010
0.001593 0.000010 0.000312 0.998075 0.000010
0.002091 0.000010 0.000282 0.997607 0.000010
0.000010 0.998757 0.000010 0.001213 0.000010
0.000010 0.000010 0.000010 0.426026 0.573944
0.000010 0.000010 0.001590 0.998380 0.000010
0.624659 0.000010 0.000010 0.375311 0.000010
0.626061 0.000010 0.000010 0.373909 0.000010
0.000010 0.000010 0.000179 0.999791 0.000010
