0.171859 0.799915 0.016705 0.000010 0.011512
0.449836 0.321868 0.000547 0.024397 0.203353
0.002067 0.834965 0.162063 0.000010 0.000894
0.000010 0.229830 0.352719 0.163078 0.254363
0.000980 0.327470 0.087150 0.036509 0.547892
0.034665 0.693854 0.000010 0.000010 0.271461
0.000010 0.985035 0.014007 0.000010 0.000938
0.628153 0.351371 0.003244 0.017223 0.000010
0.153980 0.824602 0.015864 0.005544 0.000010
0.000765 0.193234 0.005483 0.001074 0.799443
0.103934 0.674946 0.071757 0.000010 0.149353
0.751739 0.086618 0.000010 0.161311 0.000322
0.061538 0.000010 0.000010 0.000151 0.938292
0.543543 0.451825 0.000696 0.003926 0.000010
0.508288 0.333075 0.001954 0.156673 0.000010
0.062853 0.766232 0.012008 0.001888 0.157019
0.558817 0.441153 0.000010 0.000010 0.000010
0.000010 0.732159 0.080752 0.000010 0.187069
0.001631 0.188514 0.000010 0.000010 0.809835
0.498687 0.005205 0.000276 0.202497 0.293335
0.000028 0.761902 0.137036 0.005310 0.095724
0.000010 0.879350 0.116703 0.003754 0.000182
0.055425 0.284242 0.000010 0.001916 0.658408
0.000010 0.820595 0.177715 0.000010 0.001670
0.307172 0.691229 0.001579 0.000010 0.000010
0.837679 0.001201 0.000010 0.161100 0.000010
0.164722 0.000010 0.001688 0.000130 0.833450
0.000010 0.122401 0.000010 0.001608 0.875970
0.000010 0.829167 0.131263 0.002309 0.037251
0.001142 0.370487 0.001819 0.000228 0.626325
0.034695 0.689542 0.002226 0.000010 0.273528
0.648838 0.000010 0.002211 0.348931 0.000010
0.654985 0.215915 0.000088 0.129002 0.000010
0.000010 0.176446 0.000010 0.000010 0.823524
0.035890 0.947693 0.014878 0.000010 0.001530
0.000010 0.880564 0.117803 0.001613 0.000010
0.471649 0.356950 0.000010 0.048345 0.123047
0.000010 0.455271 0.375348 0.168303 0.001068
0.285193 0.714777 0.000010 0.000010 0.000010
0.000010 0.000010 0.031372 0.053340 0.915268
0.000010 0.849853 0.146678 0.003449 0.000010
0.806269 0.000010 0.000010 0.191518 0.002193
0.094330 0.903803 0.000010 0.001793 0.000064
0.157884 0.171451 0.000010 0.000010 0.670645
0.655039 0.183025 0.003191 0.158735 0.000010
0.002558 0.135722 0.000010 0.000010 0.861700
0.000346 0.697366 0.265291 0.036987 0.000010
0.142170 0.255877 0.000010 0.001055 0.600889
0.344051 0.103670 0.084804 0.287549 0.179925
0.001343 0.429178 0.383512 0.162745 0.023222
0.000010 0.879372 0.120598 0.000010 0.000010
0.000010 0.676911 0.314027 0.009042 0.000010
0.068119 0.813621 0.106078 0.000410 0.011772
0.000010 0.187120 0.093516 0.000303 0.719051
0.000010 0.295694 0.330304 0.151712 0.222280
0.000865 0.000010 0.995961 0.000010 0.003154
0.346681 0.000010 0.653289 0.000010 0.000010
0.695616 0.000924 0.303340 0.000010 0.000110
0.986637 0.000010 0.013333 0.000010 0.000010
0.000010 0.000010 0.996951 0.000010 0.003019
0.803671 0.000010 0.192555 0.000010 0.003754
0.560463 0.000010 0.437192 0.000010 0.002324
0.001603 0.000010 0.843583 0.000010 0.154794
0.000010 0.277385 0.722585 0.000010 0.000010
0.000063 0.000010 0.896581 0.007264 0.096082
0.483101 0.000010 0.514884 0.000010 0.001995
0.705708 0.006038 0.286879 0.000010 0.001365
0.347976 0.000010 0.649296 0.000010 0.002707
0.513084 0.000010 0.486886 0.000010 0.000010
0.110369 0.000010 0.801125 0.088486 0.000010
0.000010 0.006869 0.806491 0.000010 0.186620
0.338413 0.002425 0.584121 0.000010 0.075030
0.000010 0.932235 0.066431 0.001314 0.000010
0.222080 0.000118 0.000010 0.093810 0.683982
0.721914 0.011152 0.000010 0.266914 0.000010
0.000010 0.788353 0.206911 0.004716 0.000010
0.000010 0.000010 0.000010 0.000010 0.999960
0.000010 0.000010 0.000010 0.113797 0.886173
0.000010 0.823285 0.175744 0.000951 0.000010
0.133305 0.167843 0.000010 0.000202 0.698640
0.000010 0.000010 0.000010 0.001827 0.998143
0.000010 0.628661 0.055617 0.001442 0.314270
0.607818 0.237411 0.002871 0.151890 0.000010
0.001276 0.150126 0.002433 0.000010 0.846155
0.000010 0.848286 0.125385 0.001195 0.025124
0.399838 0.250215 0.000010 0.134597 0.215340
0.000010 0.216083 0.000649 0.000178 0.783080
0.357004 0.000010 0.139166 0.503809 0.000010
0.517634 0.359905 0.000010 0.116536 0.005915
0.637282 0.170243 0.001001 0.190315 0.001159
0.308800 0.688049 0.000366 0.002775 0.000010
0.000010 0.000010 0.002856 0.000910 0.996214
0.016355 0.107642 0.387314 0.368702 0.119987
0.651368 0.346361 0.002251 0.000010 0.000010
0.001930 0.000010 0.000010 0.000010 0.998040
0.039364 0.000010 0.000010 0.000010 0.960606
0.042576 0.626564 0.000010 0.002371 0.328479
0.000010 0.663900 0.296999 0.000010 0.039080
0.646353 0.036114 0.000010 0.295871 0.021652
0.000010 0.001039 0.000010 0.000010 0.998931
0.017967 0.560993 0.216990 0.204040 0.000010
0.011889 0.400508 0.002263 0.000010 0.585330
0.531572 0.029401 0.000010 0.000010 0.439007
0.677878 0.005355 0.315733 0.000010 0.001024
0.049193 0.000374 0.950412 0.000010 0.000010
0.000279 0.000010 0.581369 0.000010 0.418331
0.333639 0.000010 0.661747 0.000010 0.004594
0.000849 0.000010 0.996372 0.000010 0.002758
0.545548 0.000010 0.451816 0.000010 0.002616
0.004183 0.000010 0.644877 0.000010 0.350920
0.000010 0.000010 0.998338 0.000010 0.001632
0.949742 0.000010 0.049745 0.000010 0.000492
0.447279 0.004675 0.545765 0.000010 0.002270
0.203719 0.117882 0.638182 0.000010 0.040208
0.001147 0.000017 0.750931 0.000010 0.247895
0.000010 0.000058 0.965506 0.006918 0.027508
0.285327 0.003277 0.667242 0.016909 0.027245
0.439204 0.000010 0.558228 0.000010 0.002548
0.181986 0.000010 0.733908 0.000010 0.084086
0.112773 0.000010 0.860805 0.000010 0.026402
0.000970 0.000010 0.997034 0.000098 0.001888
0.000010 0.000010 0.996569 0.002537 0.000874
0.000010 0.000010 0.978619 0.021006 0.000355
0.000010 0.003819 0.718665 0.000010 0.277496
0.766658 0.000010 0.232287 0.000010 0.001035
0.000010 0.000010 0.998689 0.000010 0.001281
0.645635 0.001323 0.353022 0.000010 0.000010
0.001295 0.000961 0.502828 0.000010 0.494906
0.000010 0.004482 0.987323 0.008175 0.000010
0.402392 0.000010 0.595725 0.000010 0.001863
0.000056 0.003324 0.996334 0.000010 0.000276
0.163377 0.000010 0.830216 0.004186 0.002211
0.000010 0.000010 0.355086 0.000010 0.644884
0.002003 0.000010 0.997967 0.000010 0.000010
0.000010 0.000010 0.999960 0.000010 0.000010
0.000090 0.000033 0.995838 0.000010 0.004029
0.001551 0.000010 0.998419 0.000010 0.000010
0.339417 0.000010 0.638550 0.000010 0.022013
0.324465 0.002543 0.605689 0.000010 0.067293
0.326838 0.002353 0.670054 0.000010 0.000745
0.313592 0.000010 0.652112 0.000010 0.034277
0.209541 0.043948 0.738022 0.007243 0.001246
0.000482 0.001471 0.900546 0.097423 0.000078
0.000010 0.000010 0.800401 0.006070 0.193509
0.540694 0.004056 0.454665 0.000010 0.000575
0.481258 0.000010 0.517314 0.000010 0.001407
0.000010 0.001278 0.998692 0.000010 0.000010
0.794502 0.004827 0.200117 0.000013 0.000541
0.686883 0.004867 0.308230 0.000010 0.000010
0.811106 0.000010 0.185662 0.000010 0.003212
0.904728 0.000010 0.089321 0.005149 0.000792
0.596915 0.000010 0.399735 0.000010 0.003331
0.001704 0.000010 0.997431 0.000010 0.000845
0.173477 0.000010 0.316804 0.000010 0.509698
0.218463 0.002977 0.664558 0.004156 0.109846
0.000010 0.000010 0.582022 0.000018 0.417940
0.452215 0.000010 0.544808 0.000010 0.002956
0.000010 0.270284 0.640040 0.000010 0.089656
0.249879 0.004909 0.743798 0.000010 0.001404
0.167129 0.000010 0.832841 0.000010 0.000010
0.355301 0.092974 0.545437 0.000749 0.005539
0.000010 0.000010 0.629754 0.000010 0.370216
0.476979 0.000010 0.517490 0.004993 0.000528
0.018153 0.000010 0.981817 0.000010 0.000010
0.001497 0.000010 0.613728 0.000015 0.384750
0.301558 0.000010 0.696323 0.000010 0.002098
0.000010 0.004909 0.995061 0.000010 0.000010
0.071501 0.000010 0.927017 0.000010 0.001462
0.532669 0.000010 0.463899 0.000010 0.003412
0.534308 0.000010 0.463587 0.000010 0.002085
0.000786 0.000010 0.980508 0.018686 0.000010
0.584854 0.000011 0.415115 0.000010 0.000010
0.634917 0.000010 0.365053 0.000010 0.000010
0.998073 0.000010 0.001897 0.000010 0.000010
0.575724 0.000010 0.421744 0.000010 0.002512
0.000010 0.000010 0.999455 0.000515 0.000010
0.552519 0.000010 0.447451 0.000010 0.000010
0.000148 0.004787 0.928308 0.000010 0.066748
0.000010 0.000010 0.997704 0.000010 0.002266
0.001266 0.000010 0.933554 0.000010 0.065159
0.752834 0.000010 0.244749 0.002397 0.000010
0.999960 0.000010 0.000010 0.000010 0.000010
0.478749 0.000010 0.517342 0.000010 0.003889
0.463085 0.000010 0.533983 0.000010 0.002913
0.000010 0.000010 0.516663 0.000010 0.483307
0.500403 0.499567 0.000010 0.000010 0.000010
0.340561 0.186717 0.000010 0.323105 0.149607
0.000010 0.000083 0.004180 0.105472 0.890254
0.000013 0.000010 0.000010 0.278161 0.721806
0.000016 0.999954 0.000010 0.000010 0.000010
0.000010 0.996596 0.002219 0.001165 0.000010
0.492076 0.000414 0.000010 0.506353 0.001147
0.306404 0.000010 0.000010 0.693566 0.000010
0.000010 0.712428 0.091744 0.195487 0.000331
0.000561 0.998198 0.001221 0.000010 0.000010
0.259387 0.305596 0.000010 0.434997 0.000010
0.000010 0.000010 0.181892 0.603548 0.214541
0.000010 0.338377 0.112097 0.438058 0.111458
0.000010 0.999436 0.000010 0.000010 0.000534
0.109116 0.001775 0.132287 0.522726 0.234097
0.000010 0.000010 0.000628 0.172938 0.826414
0.000010 0.997132 0.000049 0.002798 0.000010
0.000010 0.999960 0.000010 0.000010 0.000010
0.000010 0.999960 0.000010 0.000010 0.000010
0.000049 0.000010 0.240617 0.759314 0.000010
0.000010 0.000010 0.000010 0.263633 0.736337
0.000010 0.000010 0.249503 0.750467 0.000010
0.000010 0.000010 0.000010 0.075684 0.924286
0.005234 0.994736 0.000010 0.000010 0.000010
0.286314 0.000010 0.000010 0.650159 0.063507
0.000010 0.986684 0.000010 0.013286 0.000010
0.000010 0.999960 0.000010 0.000010 0.000010
0.541244 0.000010 0.000010 0.455848 0.002888
0.091169 0.104118 0.047594 0.563551 0.193568
0.246744 0.000993 0.078043 0.674209 0.000010
0.000010 0.001769 0.000010 0.209828 0.788383
0.000010 0.000010 0.000010 0.149205 0.850765
0.000010 0.280922 0.317342 0.399710 0.002016
0.000741 0.129081 0.157318 0.712850 0.000010
0.052998 0.000010 0.150424 0.796558 0.000010
0.000010 0.144806 0.268987 0.586187 0.000010
0.000010 0.000010 0.243830 0.756140 0.000010
0.000010 0.579775 0.105583 0.314622 0.000010
0.000011 0.199976 0.000010 0.184048 0.615955
0.420649 0.312483 0.000010 0.266848 0.000010
0.002944 0.996502 0.000010 0.000534 0.000010
0.000010 0.000010 0.000010 0.266643 0.733327
0.000010 0.000010 0.004108 0.343999 0.651872
0.464889 0.002071 0.000010 0.533020 0.000010
0.000010 0.000010 0.000010 0.273986 0.725984
0.000010 0.834124 0.000010 0.071561 0.094295
0.491507 0.001558 0.000010 0.506915 0.000010
0.000529 0.000010 0.000010 0.187386 0.812065
0.000010 0.001606 0.000010 0.137879 0.860495
0.019462 0.831354 0.000010 0.149164 0.000010
0.000960 0.971962 0.000687 0.026381 0.000010
0.002065 0.000010 0.239530 0.757067 0.001328
0.003636 0.907585 0.000010 0.041267 0.047502
0.000010 0.999960 0.000010 0.000010 0.000010
0.000010 0.235115 0.000010 0.059102 0.705764
0.000010 0.000010 0.007344 0.284654 0.707981
0.000010 0.000748 0.000010 0.098057 0.901175
0.528555 0.162316 0.000010 0.307077 0.002042
0.470957 0.126043 0.000010 0.402664 0.000326
0.000010 0.070908 0.000010 0.133787 0.795285
0.000010 0.048314 0.037076 0.287987 0.626612
0.000010 0.002126 0.246270 0.751583 0.000010
0.000010 0.000353 0.000784 0.109761 0.889092
0.588752 0.000010 0.000010 0.411218 0.000010
0.026577 0.000010 0.202867 0.770536 0.000010
0.001641 0.000872 0.000010 0.246315 0.751162
0.000010 0.648171 0.003157 0.000423 0.348239
0.000010 0.998673 0.001297 0.000010 0.000010
0.554501 0.000010 0.000010 0.445469 0.000010
0.000010 0.000747 0.330298 0.668936 0.000010
0.000010 0.000010 0.478360 0.521610 0.000010
0.000010 0.000010 0.237052 0.762131 0.000798
0.000010 0.000010 0.307826 0.689688 0.002465
0.000010 0.884336 0.024499 0.089703 0.001453
0.000675 0.214009 0.000010 0.155697 0.629609
0.000010 0.926370 0.000021 0.073588 0.000010
0.000010 0.977658 0.000010 0.022312 0.000010
0.000010 0.927013 0.000010 0.072957 0.000010
0.000010 0.278644 0.243402 0.477934 0.000010
0.000010 0.037477 0.397044 0.565458 0.000010
0.487908 0.050851 0.000010 0.461221 0.000010
0.000217 0.976167 0.000010 0.023596 0.000010
0.000010 0.998128 0.000010 0.001842 0.000010
0.000010 0.000490 0.156887 0.707433 0.135179
0.000010 0.002759 0.000010 0.273115 0.724106
0.000010 0.997408 0.001672 0.000901 0.000010
0.000010 0.649492 0.100888 0.248511 0.001100
0.000010 0.253104 0.137308 0.569889 0.039690
0.000010 0.000949 0.324703 0.674328 0.000010
0.000010 0.289639 0.000691 0.101470 0.608190
0.000010 0.031648 0.000010 0.269973 0.698360
0.001968 0.000570 0.002600 0.107363 0.887499
0.000010 0.001903 0.221683 0.775239 0.001165
0.091880 0.250611 0.161235 0.496263 0.000010
0.000010 0.966122 0.000010 0.000254 0.033604
0.244500 0.734281 0.000010 0.003262 0.017947
0.259486 0.019335 0.000010 0.128481 0.592689
0.423735 0.434861 0.002206 0.009695 0.129503
0.085667 0.044730 0.265767 0.430946 0.172891
0.001899 0.997694 0.000010 0.000387 0.000010
0.273420 0.000986 0.000010 0.544381 0.181203
0.001184 0.958837 0.000010 0.038629 0.001340
0.369338 0.381823 0.001913 0.246030 0.000896
0.598371 0.000010 0.000010 0.401599 0.000010
0.000010 0.890300 0.000010 0.109104 0.000576
0.430426 0.119659 0.000010 0.448531 0.001374
0.000712 0.002742 0.000010 0.225858 0.770678
0.000010 0.000010 0.207110 0.792860 0.000010
0.158903 0.000010 0.095131 0.691313 0.054643
0.493999 0.000471 0.000010 0.505510 0.000010
0.000010 0.998607 0.000010 0.001363 0.000010
0.000010 0.306605 0.332146 0.359826 0.001413
0.000010 0.774778 0.000687 0.224514 0.000010
0.461073 0.001539 0.000010 0.537206 0.000173
0.131737 0.000010 0.045698 0.821774 0.000781
0.119386 0.000010 0.047197 0.833397 0.000010
0.001264 0.000113 0.184804 0.811145 0.002675
0.102402 0.001592 0.082901 0.813094 0.000010
0.000010 0.551018 0.060094 0.388869 0.000010
0.001009 0.000010 0.158933 0.775274 0.064774
0.000010 0.000010 0.000010 0.393569 0.606401
0.465017 0.000270 0.000010 0.534693 0.000010
0.000010 0.002262 0.000010 0.473233 0.524485
0.000010 0.002069 0.227147 0.770764 0.000010
0.136913 0.000010 0.063045 0.800022 0.000010
0.442703 0.002266 0.000582 0.553541 0.000908
0.432472 0.001257 0.000010 0.566252 0.000010
0.058796 0.540582 0.004056 0.396556 0.000010
0.000080 0.000010 0.175165 0.824735 0.000010
0.395080 0.000010 0.001071 0.602453 0.001387
0.000897 0.000010 0.009230 0.442974 0.546889
0.000010 0.000255 0.193970 0.805054 0.000711
0.000010 0.996956 0.000939 0.000010 0.002085
0.169055 0.000010 0.119648 0.711277 0.000010
0.000010 0.000010 0.158385 0.840335 0.001260
0.000010 0.000010 0.000010 0.275453 0.724517
0.000010 0.000668 0.176169 0.823143 0.000010
0.110500 0.000010 0.070755 0.818725 0.000010
0.000010 0.998149 0.000010 0.000982 0.000849
0.000010 0.001109 0.183328 0.815543 0.000010
0.292770 0.000835 0.000010 0.704947 0.001439
0.244241 0.000010 0.000010 0.755729 0.000010
0.000010 0.000010 0.138556 0.861414 0.000010
0.165778 0.000010 0.022926 0.807955 0.003331
0.000010 0.000010 0.240083 0.759422 0.000476
0.014048 0.000010 0.076989 0.738285 0.170669
0.208986 0.000612 0.000010 0.761748 0.028644
0.397581 0.000499 0.000650 0.601260 0.000010
0.029610 0.000487 0.040837 0.812768 0.116298
0.000010 0.000010 0.225494 0.774476 0.000010
0.245897 0.000010 0.000010 0.754073 0.000010
0.023062 0.000010 0.000010 0.556525 0.420393
0.000010 0.674174 0.000688 0.325118 0.000010
0.000010 0.000381 0.002734 0.286001 0.710874
0.432919 0.000792 0.000010 0.566270 0.000010
0.000101 0.000010 0.224785 0.775094 0.000010
0.214386 0.000010 0.076638 0.708368 0.000597
0.000010 0.628817 0.000010 0.371153 0.000010
0.002792 0.765194 0.001283 0.230721 0.000010
0.001490 0.000010 0.000010 0.426224 0.572266
0.000010 0.000010 0.005145 0.393243 0.601592
0.292565 0.000010 0.000010 0.707405 0.000010
0.000010 0.000010 0.219461 0.777840 0.002679
0.006163 0.462243 0.135229 0.396355 0.000010
0.001671 0.634791 0.000010 0.363518 0.000010
0.000791 0.843380 0.000010 0.154104 0.001715
0.000010 0.000010 0.000010 0.305162 0.694808
0.000010 0.001724 0.286511 0.711745 0.000010
0.459309 0.000010 0.000010 0.540661 0.000010
0.000010 0.929018 0.000010 0.068656 0.002306
0.000010 0.000010 0.160522 0.837873 0.001585
0.002117 0.594816 0.042586 0.360471 0.000010
0.002858 0.000010 0.000010 0.473046 0.524076
0.000010 0.000010 0.000010 0.352927 0.647043
0.000010 0.000010 0.194746 0.805224 0.000010
0.086640 0.002914 0.069316 0.756382 0.084748
0.000934 0.000367 0.108545 0.890144 0.000010
0.000010 0.492213 0.042748 0.465019 0.000010
0.002547 0.001289 0.000010 0.520836 0.475319
0.000406 0.002087 0.147270 0.775517 0.074721
0.000185 0.000010 0.235580 0.763020 0.001205
0.238005 0.001042 0.000010 0.760933 0.000010
0.431013 0.000017 0.000010 0.565131 0.003829
0.001110 0.820305 0.000010 0.178565 0.000010
0.000010 0.001733 0.171167 0.827080 0.000010
0.451183 0.001257 0.000010 0.547540 0.000010
0.111940 0.486356 0.000010 0.401684 0.000010
0.045956 0.001941 0.143274 0.808818 0.000010
0.000699 0.809543 0.000010 0.189738 0.000010
0.000010 0.909593 0.000010 0.090377 0.000010
0.000010 0.000010 0.190982 0.808572 0.000426
0.402706 0.000699 0.000010 0.595777 0.000808
0.398867 0.000957 0.000010 0.598874 0.001291
0.000436 0.661397 0.000010 0.338147 0.000010
0.000010 0.002478 0.164977 0.832525 0.000010
0.000061 0.338804 0.085107 0.575992 0.000036
0.000010 0.638083 0.000010 0.359224 0.002673
0.208647 0.001530 0.005851 0.782992 0.000980
0.399754 0.001650 0.000010 0.596486 0.002100
0.000010 0.000010 0.229079 0.770891 0.000010
0.001086 0.001338 0.000010 0.532749 0.464817
0.000010 0.637309 0.014168 0.348502 0.000010
0.107052 0.000010 0.079449 0.736333 0.077156
0.404986 0.000010 0.000310 0.594684 0.000010
0.458405 0.000010 0.000010 0.541565 0.000010
0.080380 0.000010 0.077901 0.841699 0.000010
0.000010 0.001961 0.197005 0.721469 0.079555
0.000010 0.002046 0.184613 0.813321 0.000010
0.000010 0.000010 0.221056 0.760774 0.018150
0.248917 0.001641 0.000010 0.749423 0.000010
0.152238 0.000010 0.066559 0.781182 0.000010
0.175425 0.000923 0.047640 0.776002 0.000010
0.007782 0.000010 0.214919 0.777279 0.000010
0.000779 0.879059 0.000010 0.120142 0.000010
0.000010 0.000010 0.000010 0.332391 0.667579
0.002142 0.000957 0.190126 0.806765 0.000010
0.437640 0.000595 0.000010 0.559146 0.002609
0.404389 0.000010 0.000010 0.595581 0.000010
0.013820 0.000010 0.200121 0.786039 0.000010
