0.000010 0.814462 0.000010 0.185508 0.000010
0.047519 0.000010 0.000010 0.952451 0.000010
0.035360 0.643669 0.003574 0.317387 0.000010
0.000010 0.000010 0.000010 0.938329 0.061641
0.029627 0.071356 0.000010 0.898997 0.000010
0.000010 0.805291 0.000010 0.194679 0.000010
0.000010 0.665705 0.006511 0.327763 0.000010
0.136449 0.000010 0.000010 0.863521 0.000010
0.244896 0.000010 0.024041 0.731043 0.000010
0.000010 0.177487 0.000010 0.786821 0.035673
0.000010 0.513419 0.004331 0.482230 0.000010
0.015054 0.000010 0.000010 0.984916 0.000010
0.009497 0.000010 0.000010 0.911179 0.079304
0.000010 0.311201 0.000010 0.688769 0.000010
0.106607 0.000447 0.000140 0.892796 0.000010
0.001594 0.751534 0.000010 0.246852 0.000010
0.237024 0.392000 0.000010 0.370956 0.000010
0.001925 0.569782 0.000539 0.423435 0.004319
0.000010 0.230345 0.000010 0.755662 0.013974
0.000010 0.001849 0.102309 0.895823 0.000010
0.000010 0.351158 0.000012 0.648810 0.000010
0.000010 0.166371 0.000010 0.833599 0.000010
0.000010 0.000010 0.000010 0.999960 0.000010
0.000010 0.995418 0.000010 0.000010 0.004552
0.002996 0.991220 0.000010 0.005764 0.000010
0.255281 0.289209 0.000010 0.455490 0.000010
0.000010 0.000010 0.000010 0.918386 0.081584
0.000013 0.822583 0.000010 0.047510 0.129883
0.000010 0.608552 0.000010 0.391418 0.000010
0.000541 0.621161 0.000010 0.373246 0.005042
0.000010 0.572995 0.000022 0.419299 0.007673
0.049479 0.000010 0.000010 0.950491 0.000010
0.080672 0.000010 0.000010 0.919298 0.000010
0.000010 0.000010 0.000010 0.971206 0.028764
0.000010 0.701158 0.000010 0.287539 0.011283
0.000010 0.622855 0.000010 0.377115 0.000010
0.000815 0.000010 0.000010 0.999155 0.000010
0.000010 0.000094 0.153248 0.846639 0.000010
0.000010 0.999960 0.000010 0.000010 0.000010
0.000010 0.138935 0.000010 0.781411 0.079634
0.000010 0.938527 0.000010 0.061443 0.000010
0.325313 0.206298 0.000010 0.461935 0.006444
0.000010 0.577505 0.000010 0.422465 0.000010
0.000010 0.000010 0.000010 0.774864 0.225106
0.062733 0.244235 0.000010 0.693012 0.000010
0.000010 0.222818 0.000010 0.730093 0.047069
0.002945 0.100613 0.118592 0.776258 0.001592
0.000010 0.266994 0.000010 0.705427 0.027558
0.000014 0.000010 0.000010 0.999956 0.000010
0.000010 0.008845 0.000010 0.991125 0.000010
0.000010 0.754149 0.000010 0.245821 0.000010
0.122062 0.000010 0.000010 0.877908 0.000010
0.000010 0.596001 0.000010 0.403969 0.000010
0.000010 0.226124 0.000010 0.691708 0.082147
0.000010 0.768388 0.000010 0.229251 0.002341
0.000010 0.000010 0.006798 0.848839 0.144343
0.000010 0.132375 0.000010 0.759504 0.108100
0.250190 0.295899 0.000010 0.453891 0.000010
0.288203 0.004053 0.000010 0.707724 0.000010
0.000010 0.000010 0.000010 0.939151 0.060819
0.049813 0.087011 0.000010 0.858760 0.004405
0.328786 0.000010 0.000010 0.665873 0.005321
0.000010 0.003278 0.000010 0.922498 0.074204
0.000010 0.999960 0.000010 0.000010 0.000010
0.000012 0.000010 0.000010 0.509371 0.490598
0.000010 0.000010 0.000010 0.956083 0.043887
0.000010 0.952666 0.000010 0.039300 0.008015
0.391508 0.254283 0.000010 0.349708 0.004491
0.000010 0.960727 0.000010 0.039243 0.000010
0.000010 0.008237 0.051493 0.940250 0.000010
0.000010 0.955778 0.000010 0.044192 0.000010
0.000010 0.912886 0.000010 0.000010 0.087084
0.000010 0.275407 0.000010 0.724563 0.000010
0.010032 0.000010 0.023182 0.966766 0.000010
0.347082 0.000010 0.000010 0.652888 0.000010
0.000010 0.129576 0.030024 0.840380 0.000010
0.000010 0.000010 0.000010 0.887766 0.112204
0.000010 0.000010 0.000010 0.995872 0.004098
0.000010 0.903220 0.004843 0.091917 0.000010
0.000010 0.202234 0.000010 0.797713 0.000033
0.000010 0.000010 0.000010 0.699608 0.300362
0.000010 0.000010 0.020599 0.979371 0.000010
0.014473 0.709838 0.000010 0.275669 0.000010
0.000010 0.188711 0.000010 0.734419 0.076850
0.001726 0.997199 0.000010 0.000010 0.001055
0.004109 0.000010 0.000010 0.995629 0.000242
0.000010 0.693843 0.000010 0.298654 0.007482
0.142794 0.000010 0.000010 0.857176 0.000010
0.053191 0.188771 0.000010 0.758018 0.000010
0.007347 0.000010 0.000010 0.992623 0.000010
0.000010 0.609629 0.000010 0.390341 0.000010
0.000010 0.000010 0.000010 0.667834 0.332136
0.035171 0.000010 0.000010 0.964799 0.000010
0.053255 0.219684 0.000010 0.727041 0.000010
0.000010 0.607076 0.000010 0.125503 0.267401
0.000010 0.000010 0.000010 0.931660 0.068310
0.002653 0.244133 0.000010 0.753193 0.000010
0.001858 0.522062 0.000010 0.470864 0.005206
0.096484 0.000010 0.000010 0.903486 0.000010
0.000010 0.000010 0.000010 0.000010 0.999960
0.000010 0.001951 0.905559 0.091710 0.000770
0.000010 0.167498 0.832472 0.000010 0.000010
0.911331 0.000010 0.015703 0.000010 0.072946
0.203059 0.389758 0.407163 0.000010 0.000010
0.000010 0.103705 0.896265 0.000010 0.000010
0.000010 0.000010 0.009055 0.000010 0.990915
0.998865 0.000010 0.001105 0.000010 0.000010
0.000010 0.000010 0.943621 0.052626 0.003733
0.018039 0.000010 0.000010 0.000010 0.981931
0.000010 0.000010 0.008333 0.000010 0.991637
0.286200 0.000010 0.677887 0.014774 0.021129
0.999567 0.000010 0.000403 0.000010 0.000010
0.052701 0.000010 0.004594 0.000010 0.942685
0.000010 0.000010 0.214580 0.000010 0.785390
0.000010 0.001265 0.009038 0.000010 0.989677
0.000010 0.051082 0.948888 0.000010 0.000010
0.001062 0.448811 0.550107 0.000010 0.000010
0.985183 0.000010 0.000010 0.000010 0.014787
0.001233 0.000010 0.926321 0.019410 0.053026
0.000010 0.000010 0.004333 0.000010 0.995637
0.000010 0.002752 0.939730 0.057497 0.000010
0.000010 0.000010 0.938392 0.061578 0.000010
0.000010 0.112468 0.802520 0.000010 0.084992
0.000010 0.086519 0.913451 0.000010 0.000010
0.997891 0.000010 0.002079 0.000010 0.000010
0.000010 0.000124 0.838858 0.047561 0.113448
0.041956 0.155455 0.802569 0.000010 0.000010
0.000010 0.000010 0.000010 0.000010 0.999960
0.000010 0.439982 0.558396 0.000010 0.001601
0.000010 0.000010 0.957956 0.042014 0.000010
0.000010 0.146168 0.853802 0.000010 0.000010
0.000010 0.012851 0.942141 0.042055 0.002942
0.000010 0.000010 0.000010 0.000010 0.999960
0.001805 0.000010 0.955906 0.042269 0.000010
0.000010 0.000010 0.934394 0.065576 0.000010
0.000010 0.000010 0.000010 0.000010 0.999960
0.000010 0.000010 0.969342 0.030628 0.000010
0.072129 0.000010 0.873990 0.019048 0.034824
0.000010 0.114745 0.885225 0.000010 0.000010
0.130371 0.012114 0.801183 0.056321 0.000010
0.000010 0.000010 0.001842 0.000010 0.998128
0.000010 0.014000 0.985970 0.000010 0.000010
0.000010 0.000010 0.999960 0.000010 0.000010
0.000010 0.000010 0.969181 0.030789 0.000010
0.999960 0.000010 0.000010 0.000010 0.000010
0.000010 0.000010 0.000010 0.000010 0.999960
0.000010 0.492838 0.504088 0.000010 0.003053
0.000010 0.150878 0.849092 0.000010 0.000010
0.223154 0.348187 0.428639 0.000010 0.000010
0.999960 0.000010 0.000010 0.000010 0.000010
0.981654 0.000010 0.018316 0.000010 0.000010
0.993479 0.000087 0.002461 0.000015 0.003959
0.000010 0.138448 0.860091 0.000491 0.000960
0.000010 0.000010 0.004915 0.000010 0.995055
0.000010 0.000010 0.942982 0.056988 0.000010
0.000010 0.000010 0.000010 0.000010 0.999960
0.800650 0.000010 0.006809 0.000010 0.192521
0.000010 0.477348 0.522622 0.000010 0.000010
0.000010 0.438370 0.559597 0.000010 0.002013
0.000010 0.000010 0.981402 0.018568 0.000010
0.000010 0.000010 0.999960 0.000010 0.000010
0.000031 0.000012 0.009964 0.000010 0.989983
0.000010 0.000010 0.983244 0.016726 0.000010
0.149582 0.000010 0.647383 0.001978 0.201048
0.000010 0.000010 0.005953 0.000010 0.994017
0.994732 0.003275 0.001974 0.000010 0.000010
0.000010 0.489606 0.510364 0.000010 0.000010
0.000010 0.177802 0.822168 0.000010 0.000010
0.987320 0.000010 0.006129 0.000010 0.006532
0.991147 0.000010 0.008823 0.000010 0.000010
0.000010 0.000010 0.899276 0.100694 0.000010
0.951154 0.000010 0.048816 0.000010 0.000010
0.992611 0.000010 0.007359 0.000010 0.000010
0.996975 0.000010 0.002995 0.000010 0.000010
0.987916 0.000010 0.012054 0.000010 0.000010
0.230901 0.000010 0.762588 0.006491 0.000010
0.988243 0.000010 0.011727 0.000010 0.000010
0.000010 0.063761 0.936209 0.000010 0.000010
0.000010 0.000010 0.975551 0.024419 0.000010
0.000010 0.000010 0.974494 0.025476 0.000010
0.000010 0.000010 0.971579 0.028391 0.000010
0.999960 0.000010 0.000010 0.000010 0.000010
0.999960 0.000010 0.000010 0.000010 0.000010
0.082107 0.016800 0.840338 0.025104 0.035650
0.000010 0.000010 0.000010 0.000010 0.999960
0.996876 0.003094 0.000010 0.000010 0.000010
0.999960 0.000010 0.000010 0.000010 0.000010
0.000010 0.000010 0.000010 0.000010 0.999960
0.000011 0.000010 0.008800 0.000010 0.991170
0.000010 0.503629 0.496341 0.000010 0.000010
0.000010 0.043578 0.956392 0.000010 0.000010
0.856492 0.143478 0.000010 0.000010 0.000010
0.121303 0.000010 0.805457 0.073220 0.000010
0.004883 0.093748 0.901349 0.000010 0.000010
0.002644 0.471043 0.526293 0.000010 0.000010
0.977876 0.000010 0.022094 0.000010 0.000010
0.000010 0.000010 0.883763 0.116207 0.000010
0.625263 0.000010 0.310188 0.064529 0.000010
0.000010 0.452761 0.541498 0.000010 0.005721
0.000010 0.000010 0.727137 0.141366 0.131476
0.000010 0.000010 0.000010 0.000010 0.999960
0.000010 0.488710 0.511260 0.000010 0.000010
0.000010 0.119527 0.880353 0.000010 0.000100
0.000010 0.000010 0.890416 0.087442 0.022122
0.000010 0.000010 0.980561 0.019409 0.000010
0.000010 0.000010 0.000010 0.000138 0.999832
